0.0005 0.0
0.0075 16.65
0.0085 24.98
0.0095 33.31
0.0105 41.64
0.0115 49.96
0.0125 58.29
0.0135 66.62
0.0145 74.94
0.0155 83.27
0.0165 121.97
0.0175 160.66
0.0185 199.36
0.0195 238.06
0.0205 276.75
0.0215 315.45
0.0225 354.15
0.0235 392.84
0.0245 431.54
0.0255 470.23
0.0265 598.34
0.0275 726.45
0.0285 854.56
0.0295 982.67
0.0305 1110.78
0.0315 1238.89
0.0325 1367.0
0.0335 1495.11
0.0345 1623.21
0.0355 1751.32
0.0365 3857.92
0.0375 5964.52
0.0385 8071.12
0.0395 10177.72
0.0405 12284.31
0.0415 14390.91
0.0425 16497.51
0.0435 18604.11
0.0445 20710.71
0.0455 22817.31
0.0465 31609.79
0.0475 40402.27
0.0485 49194.76
0.0495 57987.24
0.0505 66779.72
0.0515 75572.21
0.0525 84364.69
0.0535 93157.17
0.0545 101949.66
0.0555 110742.14
0.0565 125654.08
0.0575 140566.02
0.0585 155477.96
0.0595 170389.9
0.0605 185301.84
0.0615 200213.78
0.0625 215125.72
0.0635 230037.65
0.0645 244949.59
0.0655 259861.53
0.0665 275064.05
0.0675 290266.57
0.0685 305469.09
0.0695 320671.61
0.0705 335874.13
0.0715 351076.65
0.0725 366279.17
0.0735 381481.69
0.0745 396684.21
0.0755 411886.73
0.0765 423355.64
0.0775 434824.54
0.0785 446293.44
0.0795 457762.34
0.0805 469231.24
0.0815 480700.15
0.0825 492169.05
0.0835 503637.95
0.0845 515106.85
0.0855 526575.76
0.0865 533897.21
0.0875 541218.67
0.0885 548540.12
0.0895 555861.58
0.0905 563183.03
0.0915 570504.49
0.0925 577825.94
0.0935 585147.4
0.0945 592468.85
0.0955 599790.31
0.0965 603646.91
0.0975 607503.51
0.0985 611360.12
0.0995 615216.72
0.1005 619073.32
0.1015 622929.92
0.1025 626786.53
0.1035 630643.13
0.1045 634499.73
0.1055 638356.33
0.1065 639633.31
0.1075 640910.29
0.1085 642187.27
0.1095 643464.26
0.1105 644741.24
0.1115 646018.22
0.1125 647295.2
0.1135 648572.18
0.1145 649849.16
0.1155 651126.14
0.3465 242800.91
0.3475 245637.84
0.3485 248474.77
0.3495 251311.7
0.3505 254148.63
0.3515 256985.57
0.3525 259822.5
0.3535 262659.43
0.3545 265496.36
0.3555 268333.29
0.5065 153951.81
0.5075 159479.78
0.5085 165007.75
0.5095 170535.72
0.5105 176063.69
0.5115 181591.66
0.5125 187119.63
0.5135 192647.6
0.5145 198175.57
0.5155 203703.54
0.5665 126554.04
0.5675 126920.17
0.5685 127286.3
0.5695 127652.43
0.5705 128018.55
0.5715 128384.68
0.5725 128750.81
0.5735 129116.94
0.5745 129483.06
0.5755 129849.19
0.5765 134160.92
0.5775 138472.65
0.5785 142784.37
0.5795 147096.1
0.5805 151407.83
0.5815 155719.56
0.5825 160031.28
0.5835 164343.01
0.5845 168654.74
0.5855 172966.47
0.5965 148240.87
0.5975 157273.82
0.5985 166306.77
0.5995 175339.72
0.6005 184372.67
0.6015 193405.62
0.6025 202438.57
0.6035 211471.52
0.6045 220504.48
0.6055 229537.43
0.6565 90035.01
0.6575 90302.68
0.6585 90570.36
0.6595 90838.03
0.6605 91105.7
0.6615 91373.37
0.6625 91641.04
0.6635 91908.72
0.6645 92176.39
0.6655 92444.06
0.7165 84125.32
0.7175 84593.7
0.7185 85062.09
0.7195 85530.48
0.7205 85998.87
0.7215 86467.26
0.7225 86935.65
0.7235 87404.03
0.7245 87872.42
0.7255 88340.81
0.7465 79059.4
0.7475 79310.42
0.7485 79561.44
0.7495 79812.46
0.7505 80063.48
0.7515 80314.49
0.7525 80565.51
0.7535 80816.53
0.7545 81067.55
0.7555 81318.57
0.7565 82886.58
0.7575 84454.59
0.7585 86022.61
0.7595 87590.62
0.7605 89158.64
0.7615 90726.65
0.7625 92294.66
0.7635 93862.68
0.7645 95430.69
0.7655 96998.7
0.8265 70656.33
0.8275 70924.8
0.8285 71193.26
0.8295 71461.72
0.8305 71730.19
0.8315 71998.65
0.8325 72267.11
0.8335 72535.58
0.8345 72804.04
0.8355 73072.5
0.8565 69280.86
0.8575 70425.17
0.8585 71569.49
0.8595 72713.8
0.8605 73858.11
0.8615 75002.42
0.8625 76146.74
0.8635 77291.05
0.8645 78435.36
0.8655 79579.68
0.8965 63768.98
0.8975 64184.39
0.8985 64599.8
0.8995 65015.21
0.9005 65430.63
0.9015 65846.04
0.9025 66261.45
0.9035 66676.86
0.9045 67092.27
0.9055 67507.68
0.9065 70007.05
0.9075 72506.41
0.9085 75005.78
0.9095 77505.14
0.9105 80004.51
0.9115 82503.87
0.9125 85003.24
0.9135 87502.6
0.9145 90001.97
0.9155 92501.33
0.9265 68426.9
0.9275 69000.23
0.9285 69573.55
0.9295 70146.88
0.9305 70720.2
0.9315 71293.52
0.9325 71866.85
0.9335 72440.17
0.9345 73013.5
0.9355 73586.82
0.9465 60807.33
0.9475 60878.28
0.9485 60949.23
0.9495 61020.18
0.9505 61091.13
0.9515 61162.08
0.9525 61233.03
0.9535 61303.98
0.9545 61374.93
0.9555 61445.88
0.9565 63807.68
0.9575 66169.47
0.9585 68531.27
0.9595 70893.07
0.9605 73254.87
0.9615 75616.67
0.9625 77978.47
0.9635 80340.27
0.9645 82702.06
0.9655 85063.86
0.9965 54114.32
0.9975 54464.78
0.9985 54815.23
0.9995 55165.68
1.0005 55516.13
1.0015 55866.59
1.0025 56217.04
1.0035 56567.49
1.0045 56917.95
1.0055 57268.4
1.0465 52182.78
1.0475 52248.64
1.0485 52314.51
1.0495 52380.37
1.0505 52446.23
1.0515 52512.1
1.0525 52577.96
1.0535 52643.82
1.0545 52709.69
1.0555 52775.55
1.0965 50934.29
1.0975 51180.44
1.0985 51426.6
1.0995 51672.76
1.1005 51918.92
1.1015 52165.07
1.1025 52411.23
1.1035 52657.39
1.1045 52903.54
1.1055 53149.7
1.1065 55784.71
1.1075 58419.72
1.1085 61054.73
1.1095 63689.74
1.1105 66324.75
1.1115 68959.76
1.1125 71594.77
1.1135 74229.78
1.1145 76864.79
1.1155 79499.8
1.1165 84269.17
1.1175 89038.55
1.1185 93807.93
1.1195 98577.31
1.1205 103346.68
1.1215 108116.06
1.1225 112885.44
1.1235 117654.82
1.1245 122424.19
1.1255 127193.57
1.1465 46557.37
1.1475 47582.62
1.1485 48607.87
1.1495 49633.12
1.1505 50658.36
1.1515 51683.61
1.1525 52708.86
1.1535 53734.1
1.1545 54759.35
1.1555 55784.6
1.1965 42556.27
1.1975 42808.76
1.1985 43061.25
1.1995 43313.73
1.2005 43566.22
1.2015 43818.71
1.2025 44071.2
1.2035 44323.68
1.2045 44576.17
1.2055 44828.66
1.2165 42687.24
1.2175 43158.12
1.2185 43629.0
1.2195 44099.87
1.2205 44570.75
1.2215 45041.62
1.2225 45512.5
1.2235 45983.37
1.2245 46454.25
1.2255 46925.12
1.2265 50520.0
1.2275 54114.89
1.2285 57709.77
1.2295 61304.66
1.2305 64899.54
1.2315 68494.42
1.2325 72089.31
1.2335 75684.19
1.2345 79279.07
1.2355 82873.96
1.2665 38992.29
1.2675 39175.9
1.2685 39359.51
1.2695 39543.12
1.2705 39726.73
1.2715 39910.34
1.2725 40093.95
1.2735 40277.56
1.2745 40461.17
1.2755 40644.78
1.2765 41581.44
1.2775 42518.1
1.2785 43454.77
1.2795 44391.43
1.2805 45328.09
1.2815 46264.76
1.2825 47201.42
1.2835 48138.09
1.2845 49074.75
1.2855 50011.41
1.3565 37875.03
1.3575 38297.82
1.3585 38720.62
1.3595 39143.42
1.3605 39566.21
1.3615 39989.01
1.3625 40411.81
1.3635 40834.6
1.3645 41257.4
1.3655 41680.2
1.3665 44673.42
1.3675 47666.65
1.3685 50659.87
1.3695 53653.09
1.3705 56646.32
1.3715 59639.54
1.3725 62632.77
1.3735 65625.99
1.3745 68619.22
1.3755 71612.44
1.3965 42987.55
1.3975 45434.69
1.3985 47881.83
1.3995 50328.97
1.4005 52776.11
1.4015 55223.26
1.4025 57670.4
1.4035 60117.54
1.4045 62564.68
1.4055 65011.82
1.4365 33875.96
1.4375 33913.86
1.4385 33951.77
1.4395 33989.67
1.4405 34027.58
1.4415 34065.49
1.4425 34103.39
1.4435 34141.3
1.4445 34179.2
1.4455 34217.11
1.4465 41195.91
1.4475 48174.71
1.4485 55153.51
1.4495 62132.31
1.4505 69111.12
1.4515 76089.92
1.4525 83068.72
1.4535 90047.52
1.4545 97026.32
1.4555 104005.13
1.4565 147641.92
1.4575 191278.72
1.4585 234915.51
1.4595 278552.3
1.4605 322189.1
1.4615 365825.89
1.4625 409462.69
1.4635 453099.48
1.4645 496736.28
1.4655 540373.07
1.4865 19529.02
1.4875 20027.47
1.4885 20525.93
1.4895 21024.39
1.4905 21522.84
1.4915 22021.3
1.4925 22519.76
1.4935 23018.21
1.4945 23516.67
1.4955 24015.12
1.4965 25713.77
1.4975 27412.42
1.4985 29111.07
1.4995 30809.71
1.5005 32508.36
1.5015 34207.01
1.5025 35905.66
1.5035 37604.3
1.5045 39302.95
1.5055 41001.6
1.5265 18616.62
1.5275 18907.65
1.5285 19198.69
1.5295 19489.72
1.5305 19780.75
1.5315 20071.78
1.5325 20362.82
1.5335 20653.85
1.5345 20944.88
1.5355 21235.92
1.5665 17508.7
1.5675 17785.27
1.5685 18061.83
1.5695 18338.4
1.5705 18614.96
1.5715 18891.53
1.5725 19168.09
1.5735 19444.65
1.5745 19721.22
1.5755 19997.78
1.5765 21710.75
1.5775 23423.71
1.5785 25136.68
1.5795 26849.64
1.5805 28562.61
1.5815 30275.57
1.5825 31988.54
1.5835 33701.51
1.5845 35414.47
1.5855 37127.44
1.6165 17686.21
1.6175 18262.74
1.6185 18839.27
1.6195 19415.79
1.6205 19992.32
1.6215 20568.85
1.6225 21145.37
1.6235 21721.9
1.6245 22298.43
1.6255 22874.96
1.6265 22933.17
1.6275 22991.38
1.6285 23049.6
1.6295 23107.81
1.6305 23166.03
1.6315 23224.24
1.6325 23282.45
1.6335 23340.67
1.6345 23398.88
1.6355 23457.1
1.6465 17294.99
1.6475 17362.74
1.6485 17430.48
1.6495 17498.23
1.6505 17565.98
1.6515 17633.72
1.6525 17701.47
1.6535 17769.22
1.6545 17836.96
1.6555 17904.71
1.6565 18941.98
1.6575 19979.24
1.6585 21016.51
1.6595 22053.78
1.6605 23091.05
1.6615 24128.31
1.6625 25165.58
1.6635 26202.85
1.6645 27240.11
1.6655 28277.38
1.7065 15402.45
1.7075 15432.59
1.7085 15462.73
1.7095 15492.87
1.7105 15523.02
1.7115 15553.16
1.7125 15583.3
1.7135 15613.45
1.7145 15643.59
1.7155 15673.73
1.7165 16372.91
1.7175 17072.08
1.7185 17771.25
1.7195 18470.42
1.7205 19169.6
1.7215 19868.77
1.7225 20567.94
1.7235 21267.12
1.7245 21966.29
1.7255 22665.46
1.7265 25059.21
1.7275 27452.96
1.7285 29846.71
1.7295 32240.46
1.7305 34634.21
1.7315 37027.96
1.7325 39421.71
1.7335 41815.46
1.7345 44209.21
1.7355 46602.97
1.7465 22628.23
1.7475 24454.24
1.7485 26280.24
1.7495 28106.24
1.7505 29932.24
1.7515 31758.25
1.7525 33584.25
1.7535 35410.25
1.7545 37236.25
1.7555 39062.26
1.7565 54901.51
1.7575 70740.77
1.7585 86580.03
1.7595 102419.29
1.7605 118258.55
1.7615 134097.81
1.7625 149937.06
1.7635 165776.32
1.7645 181615.58
1.7655 197454.84
1.7965 10982.62
1.7975 11014.57
1.7985 11046.52
1.7995 11078.47
1.8005 11110.42
1.8015 11142.38
1.8025 11174.33
1.8035 11206.28
1.8045 11238.23
1.8055 11270.18
1.8165 11082.39
1.8175 11132.73
1.8185 11183.07
1.8195 11233.41
1.8205 11283.75
1.8215 11334.09
1.8225 11384.43
1.8235 11434.77
1.8245 11485.1
1.8255 11535.44
1.8265 12266.23
1.8275 12997.01
1.8285 13727.8
1.8295 14458.58
1.8305 15189.37
1.8315 15920.16
1.8325 16650.94
1.8335 17381.73
1.8345 18112.51
1.8355 18843.3
1.8365 20795.86
1.8375 22748.43
1.8385 24701.0
1.8395 26653.56
1.8405 28606.13
1.8415 30558.7
1.8425 32511.26
1.8435 34463.83
1.8445 36416.39
1.8455 38368.96
1.8665 10646.67
1.8675 10894.67
1.8685 11142.68
1.8695 11390.68
1.8705 11638.68
1.8715 11886.69
1.8725 12134.69
1.8735 12382.69
1.8745 12630.7
1.8755 12878.7
1.8865 11719.32
1.8875 11954.81
1.8885 12190.31
1.8895 12425.8
1.8905 12661.29
1.8915 12896.79
1.8925 13132.28
1.8935 13367.78
1.8945 13603.27
1.8955 13838.76
1.9265 9850.36
1.9275 9894.75
1.9285 9939.13
1.9295 9983.52
1.9305 10027.9
1.9315 10072.29
1.9325 10116.68
1.9335 10161.06
1.9345 10205.45
1.9355 10249.83
1.9465 9782.2
1.9475 9813.44
1.9485 9844.67
1.9495 9875.91
1.9505 9907.14
1.9515 9938.38
1.9525 9969.61
1.9535 10000.85
1.9545 10032.09
1.9555 10063.32
2.0065 9653.6
2.0075 9719.01
2.0085 9784.42
2.0095 9849.83
2.0105 9915.24
2.0115 9980.65
2.0125 10046.07
2.0135 10111.48
2.0145 10176.89
2.0155 10242.3
2.0465 9571.87
2.0475 9649.38
2.0485 9726.89
2.0495 9804.39
2.0505 9881.9
2.0515 9959.4
2.0525 10036.91
2.0535 10114.42
2.0545 10191.92
2.0555 10269.43
2.0765 9466.3
2.0775 9481.56
2.0785 9496.82
2.0795 9512.08
2.0805 9527.34
2.0815 9542.6
2.0825 9557.86
2.0835 9573.12
2.0845 9588.38
2.0855 9603.64
2.0865 9635.51
2.0875 9667.39
2.0885 9699.27
2.0895 9731.14
2.0905 9763.02
2.0915 9794.9
2.0925 9826.77
2.0935 9858.65
2.0945 9890.53
2.0955 9922.4
2.0965 10131.56
2.0975 10340.72
2.0985 10549.87
2.0995 10759.03
2.1005 10968.19
2.1015 11177.34
2.1025 11386.5
2.1035 11595.65
2.1045 11804.81
2.1055 12013.97
2.1065 13622.9
2.1075 15231.83
2.1085 16840.77
2.1095 18449.7
2.1105 20058.63
2.1115 21667.57
2.1125 23276.5
2.1135 24885.43
2.1145 26494.37
2.1155 28103.3
2.1365 9051.23
2.1375 9061.36
2.1385 9071.5
2.1395 9081.63
2.1405 9091.77
2.1415 9101.9
2.1425 9112.04
2.1435 9122.18
2.1445 9132.31
2.1455 9142.45
2.1665 8917.62
2.1675 8932.05
2.1685 8946.48
2.1695 8960.91
2.1705 8975.34
2.1715 8989.77
2.1725 9004.2
2.1735 9018.63
2.1745 9033.06
2.1755 9047.5
2.1865 10059.22
2.1875 11191.89
2.1885 12324.56
2.1895 13457.23
2.1905 14589.9
2.1915 15722.57
2.1925 16855.24
2.1935 17987.91
2.1945 19120.58
2.1955 20253.25
2.1965 27262.38
2.1975 34271.51
2.1985 41280.65
2.1995 48289.78
2.2005 55298.92
2.2015 62308.05
2.2025 69317.18
2.2035 76326.32
2.2045 83335.45
2.2055 90344.58
2.2465 7742.63
2.2475 7775.37
2.2485 7808.12
2.2495 7840.86
2.2505 7873.6
2.2515 7906.35
2.2525 7939.09
2.2535 7971.83
2.2545 8004.58
2.2555 8037.32
2.2765 7800.17
2.2775 7875.0
2.2785 7949.83
2.2795 8024.66
2.2805 8099.49
2.2815 8174.32
2.2825 8249.15
2.2835 8323.98
2.2845 8398.81
2.2855 8473.64
2.2865 8887.47
2.2875 9301.3
2.2885 9715.13
2.2895 10128.96
2.2905 10542.79
2.2915 10956.62
2.2925 11370.45
2.2935 11784.28
2.2945 12198.11
2.2955 12611.93
2.3165 7685.36
2.3175 7698.51
2.3185 7711.66
2.3195 7724.81
2.3205 7737.96
2.3215 7751.11
2.3225 7764.26
2.3235 7777.41
2.3245 7790.56
2.3255 7803.71
2.3265 7820.4
2.3275 7837.09
2.3285 7853.79
2.3295 7870.48
2.3305 7887.17
2.3315 7903.86
2.3325 7920.55
2.3335 7937.24
2.3345 7953.94
2.3355 7970.63
2.3565 7490.82
2.3575 7508.76
2.3585 7526.69
2.3595 7544.63
2.3605 7562.56
2.3615 7580.5
2.3625 7598.43
2.3635 7616.37
2.3645 7634.3
2.3655 7652.24
2.4165 7414.07
2.4175 7435.89
2.4185 7457.7
2.4195 7479.52
2.4205 7501.34
2.4215 7523.15
2.4225 7544.97
2.4235 7566.78
2.4245 7588.6
2.4255 7610.42
2.4265 7977.07
2.4275 8343.73
2.4285 8710.38
2.4295 9077.04
2.4305 9443.69
2.4315 9810.35
2.4325 10177.0
2.4335 10543.66
2.4345 10910.31
2.4355 11276.97
2.4365 13745.58
2.4375 16214.2
2.4385 18682.82
2.4395 21151.44
2.4405 23620.06
2.4415 26088.68
2.4425 28557.3
2.4435 31025.92
2.4445 33494.53
2.4455 35963.15
2.5065 7016.25
2.5075 7024.96
2.5085 7033.66
2.5095 7042.37
2.5105 7051.07
2.5115 7059.77
2.5125 7068.48
2.5135 7077.18
2.5145 7085.89
2.5155 7094.59
2.5965 15093.59
2.5975 23271.19
2.5985 31448.79
2.5995 39626.39
2.6005 47803.99
2.6015 55981.58
2.6025 64159.18
2.6035 72336.78
2.6045 80514.38
2.6055 88691.98
2.6065 141852.99
2.6075 195013.99
2.6085 248175.0
2.6095 301336.0
2.6105 354497.01
2.6115 407658.01
2.6125 460819.02
2.6135 513980.02
2.6145 567141.03
2.6155 620302.03
2.6565 30.22
2.6575 31.8
2.6585 33.38
2.6595 34.97
2.6605 36.55
2.6615 38.13
2.6625 39.71
2.6635 41.3
2.6645 42.88
2.6655 44.46
2.6765 44.95
2.6775 54.48
2.6785 64.02
2.6795 73.55
2.6805 83.08
2.6815 92.62
2.6825 102.15
2.6835 111.68
2.6845 121.21
2.6855 130.75
2.6865 189.45
2.6875 248.15
2.6885 306.86
2.6895 365.56
2.6905 424.27
2.6915 482.97
2.6925 541.67
2.6935 600.38
2.6945 659.08
2.6955 717.79
2.7465 28.9
2.7475 29.92
2.7485 30.93
2.7495 31.95
2.7505 32.97
2.7515 33.99
2.7525 35.0
2.7535 36.02
2.7545 37.04
2.7555 38.06
2.7565 46.95
2.7575 55.84
2.7585 64.73
2.7595 73.62
2.7605 82.52
2.7615 91.41
2.7625 100.3
2.7635 109.19
2.7645 118.09
2.7655 126.98
2.7665 155.95
2.7675 184.93
2.7685 213.9
2.7695 242.88
2.7705 271.85
2.7715 300.83
2.7725 329.8
2.7735 358.78
2.7745 387.76
2.7755 416.73
2.8065 22.23
2.8075 23.74
2.8085 25.24
2.8095 26.75
2.8105 28.26
2.8115 29.77
2.8125 31.27
2.8135 32.78
2.8145 34.29
2.8155 35.8
2.8165 39.37
2.8175 42.95
2.8185 46.53
2.8195 50.11
2.8205 53.69
2.8215 57.27
2.8225 60.85
2.8235 64.43
2.8245 68.01
2.8255 71.59
2.8565 24.57
2.8575 25.4
2.8585 26.22
2.8595 27.05
2.8605 27.88
2.8615 28.71
2.8625 29.54
2.8635 30.37
2.8645 31.2
2.8655 32.03
2.8665 37.83
2.8675 43.63
2.8685 49.43
2.8695 55.24
2.8705 61.04
2.8715 66.84
2.8725 72.65
2.8735 78.45
2.8745 84.25
2.8755 90.05
2.8765 101.39
2.8775 112.74
2.8785 124.08
2.8795 135.42
2.8805 146.76
2.8815 158.1
2.8825 169.44
2.8835 180.78
2.8845 192.13
2.8855 203.47
2.9065 35.23
2.9075 37.68
2.9085 40.13
2.9095 42.58
2.9105 45.03
2.9115 47.48
2.9125 49.92
2.9135 52.37
2.9145 54.82
2.9155 57.27
2.9165 85.31
2.9175 113.34
2.9185 141.37
2.9195 169.41
2.9205 197.44
2.9215 225.47
2.9225 253.5
2.9235 281.54
2.9245 309.57
2.9255 337.6
2.9565 23.66
2.9575 27.73
2.9585 31.8
2.9595 35.87
2.9605 39.94
2.9615 44.01
2.9625 48.08
2.9635 52.15
2.9645 56.22
2.9655 60.29
2.9665 86.36
2.9675 112.43
2.9685 138.51
