0.0 3.1163816676997116
0.25 5.873938090203084
0.5 6.7349145003099125
0.75 6.885040288766543
1.0 6.709127866700696
1.25 6.437780289495752
1.5 5.959155212017354
1.75 5.560214387282604
2.0 5.240930469974842
2.25 4.969063331753381
2.5 4.824953512961679
2.75 4.800424763918766
3.0 4.775896014875852
3.25 4.853830167353337
3.5 4.9639224122215335
3.75 4.994822620045939
4.0 4.994056951179495
4.25 4.961625405622197
4.5 4.865369890983337
4.75 4.6414117475480365
5.0 4.27410945418748
5.25 3.875305356036023
5.5 3.5083858971086883
5.75 3.0458125205089877
6.0 2.5992088088380063
6.25 2.152659787800342
6.5 1.7219163597914457
6.75 1.3868815400882344
7.0 1.0675976227804718
7.25 0.7321799686440373
7.5 0.5402705363328106
7.75 0.36411200641703445
8.0 0.21994749699201321
8.25 0.10728479235789479
8.5 0.04269515440988769
8.75 0.025412914281545795
9.0 0.012706457140772898
9.25 0.006353228570386449
9.5 0.0031766142851932244
9.75 0.0
