0.025557269398,		
0.0320464809925,		
0.0391278107385,		
0.0396520729,		
0.0404516663232,	 	
0.0409936664408,	 	
0.0415429286605,  	
0.0435239521031,  	
0.0452969921071,  	
0.047142260636,   	
0.0500520610157,  	
0.0503862617835,  	
0.0520910373075,  	
0.0607067515569,  	
0.074616069787,		
0.100667706306,  	
0.120482745511,  	
0.153098557319,		
0.186928835541,  	
0.194543775989,  	
0.198466797219,  	
0.242322122085,  	
0.291956345668,		
0.3425169601,  	
0.47142260636,   	
0.615201436734,  	
0.824489199834,  	
1.24559174846,   	
1.53098557319,   	
1.77237213419,   	
2.43940122176,   	
2.99832435656,   	
3.58850284431,   	
4.23806516371,   	
5.17455291462,   	
7.07474812383,   	
8.75379822268,   	
12.2097058793,   	
14.7105888622   	


8780487.80488,
8682926.82927,
8585365.85366,
8585365.85366,
9609756.09756,
8731707.31707,
11170731.7073,
11219512.1951,
9756097.56098,
9317073.17073,
9024390.2439,
8682926.82927,
8682926.82927,
8731707.31707,
8975609.7561,
9219512.19512,
9658536.58537,
10243902.439,
10829268.2927,
11317073.1707,
10975609.7561,
11609756.0976,
11853658.5366,
12195121.9512,
12243902.439,
12536585.3659,
12682926.8293,
12780487.8049,
12780487.8049,
12292682.9268,
12292682.9268,
11365853.6585,
11268292.6829,
11268292.6829,
11073170.7317,
10926829.2683,
10585365.8537,
10634146.3415,
10682926.8293
